lr=0.0001
[1,  1000] loss: 2.363
[1,  2000] loss: 1.951
[1,  3000] loss: 1.792
[1,  4000] loss: 1.653
[1,  5000] loss: 1.540
[1,  6000] loss: 1.450
[1,  7000] loss: 1.364
[1,  8000] loss: 1.308
[1,  9000] loss: 1.220
[1, 10000] loss: 1.164
[1, 11000] loss: 1.088
[1, 12000] loss: 1.035
[2,  1000] loss: 0.926
[2,  2000] loss: 0.909
[2,  3000] loss: 0.887
[2,  4000] loss: 0.844
[2,  5000] loss: 0.868
[2,  6000] loss: 0.814
[2,  7000] loss: 0.826
[2,  8000] loss: 0.782
[2,  9000] loss: 0.797
[2, 10000] loss: 0.806
[2, 11000] loss: 0.775
[2, 12000] loss: 0.750
[3,  1000] loss: 0.585
[3,  2000] loss: 0.560
[3,  3000] loss: 0.591
[3,  4000] loss: 0.584
[3,  5000] loss: 0.569
[3,  6000] loss: 0.556
[3,  7000] loss: 0.559
[3,  8000] loss: 0.561
[3,  9000] loss: 0.594
[3, 10000] loss: 0.609
[3, 11000] loss: 0.541
[3, 12000] loss: 0.552
lr=0.001
[1,  1000] loss: 2.503
[1,  2000] loss: 2.325
[1,  3000] loss: 2.318
[1,  4000] loss: 2.313
[1,  5000] loss: 2.313
[1,  6000] loss: 2.310
[1,  7000] loss: 2.308
[1,  8000] loss: 2.309
[1,  9000] loss: 2.308
[1, 10000] loss: 2.307
[1, 11000] loss: 2.307
[1, 12000] loss: 2.307
[2,  1000] loss: 2.307
[2,  2000] loss: 2.304
[2,  3000] loss: 2.305
[2,  4000] loss: 2.305
[2,  5000] loss: 2.306
[2,  6000] loss: 2.305
[2,  7000] loss: 2.305
[2,  8000] loss: 2.305
[2,  9000] loss: 2.304
[2, 10000] loss: 2.304
[2, 11000] loss: 2.305
[2, 12000] loss: 2.304
[3,  1000] loss: 2.304
[3,  2000] loss: 2.304
[3,  3000] loss: 2.304
[3,  4000] loss: 2.304
[3,  5000] loss: 2.304
[3,  6000] loss: 2.305
[3,  7000] loss: 2.304
[3,  8000] loss: 2.303
[3,  9000] loss: 2.304
[3, 10000] loss: 2.302
[3, 11000] loss: 2.303
[3, 12000] loss: 2.304
lr=0.005
[1,  1000] loss: 284836.411
[1,  2000] loss: 2.317
[1,  3000] loss: 2.313
[1,  4000] loss: 2.311
[1,  5000] loss: 2.311
[1,  6000] loss: 2.311
[1,  7000] loss: 2.306
[1,  8000] loss: 2.309
[1,  9000] loss: 2.308
[1, 10000] loss: 2.308
[1, 11000] loss: 2.309
[1, 12000] loss: 2.308
[2,  1000] loss: 2.306
[2,  2000] loss: 2.306
[2,  3000] loss: 2.305
[2,  4000] loss: 2.305
[2,  5000] loss: 2.304
[2,  6000] loss: 2.305
[2,  7000] loss: 2.304
[2,  8000] loss: 2.305
[2,  9000] loss: 2.305
[2, 10000] loss: 2.304
[2, 11000] loss: 2.305
[2, 12000] loss: 2.304
[3,  1000] loss: 2.304
[3,  2000] loss: 2.304
[3,  3000] loss: 2.305
[3,  4000] loss: 2.304
[3,  5000] loss: 2.303
[3,  6000] loss: 2.304
[3,  7000] loss: 2.305
[3,  8000] loss: 2.304
[3,  9000] loss: 2.304
[3, 10000] loss: 2.304
[3, 11000] loss: 2.305
[3, 12000] loss: 2.305
lr=0.01
[1,  1000] loss: 2826316074.127
[1,  2000] loss: 2.317
[1,  3000] loss: 2.314
[1,  4000] loss: 2.311
[1,  5000] loss: 2.312
[1,  6000] loss: 2.309
[1,  7000] loss: 2.307
[1,  8000] loss: 2.309
[1,  9000] loss: 2.308
[1, 10000] loss: 2.310
[1, 11000] loss: 2.306
[1, 12000] loss: 2.308
[2,  1000] loss: 2.307
[2,  2000] loss: 2.306
[2,  3000] loss: 2.306
[2,  4000] loss: 2.305
[2,  5000] loss: 2.307
[2,  6000] loss: 2.307
[2,  7000] loss: 2.307
[2,  8000] loss: 2.307
[2,  9000] loss: 2.306
[2, 10000] loss: 2.307
[2, 11000] loss: 2.307
[2, 12000] loss: 2.307
[3,  1000] loss: 2.306
[3,  2000] loss: 2.307
[3,  3000] loss: 2.306
[3,  4000] loss: 2.306
[3,  5000] loss: 2.307
[3,  6000] loss: 2.307
[3,  7000] loss: 2.307
[3,  8000] loss: 2.306
[3,  9000] loss: 2.306
[3, 10000] loss: 2.306
[3, 11000] loss: 2.306
[3, 12000] loss: 2.307
lr=0.05
[1,  1000] loss: 2237558441007726848.000
[1,  2000] loss: 2.322
[1,  3000] loss: 2.316
[1,  4000] loss: 2.320
[1,  5000] loss: 2.319
[1,  6000] loss: 2.322
[1,  7000] loss: 2.318
[1,  8000] loss: 2.323
[1,  9000] loss: 2.323
[1, 10000] loss: 2.319
[1, 11000] loss: 2.325
[1, 12000] loss: 2.319
[2,  1000] loss: 2.319
[2,  2000] loss: 2.318
[2,  3000] loss: 2.321
[2,  4000] loss: 2.323
[2,  5000] loss: 2.322
[2,  6000] loss: 2.321
[2,  7000] loss: 2.320
[2,  8000] loss: 2.322
[2,  9000] loss: 2.321
[2, 10000] loss: 2.324
[2, 11000] loss: 2.322
[2, 12000] loss: 2.322
[3,  1000] loss: 2.323
[3,  2000] loss: 2.318
[3,  3000] loss: 2.322
[3,  4000] loss: 2.325
[3,  5000] loss: 2.322
[3,  6000] loss: 2.322
[3,  7000] loss: 2.322
[3,  8000] loss: 2.321
[3,  9000] loss: 2.322
[3, 10000] loss: 2.321
[3, 11000] loss: 2.322
[3, 12000] loss: 2.320
lr=0.1
[1,  1000] loss: 920129101501443200736296960.000
[1,  2000] loss: 538230825377659838118494208.000
[1,  3000] loss: 330286265478348956665643008.000
[1,  4000] loss: 266692733992657044683882496.000
[1,  5000] loss: 227290182736462556434530304.000
[1,  6000] loss: 216129334264576851289571328.000
[1,  7000] loss: 213095602785825374733336576.000
[1,  8000] loss: 211374630572476547888840704.000
[1,  9000] loss: 213960711008999091636011008.000
[1, 10000] loss: 197704611116120824768102400.000
[1, 11000] loss: 173066609990360177588568064.000
[1, 12000] loss: 195814372975339575934189568.000
[2,  1000] loss: 211669541224856985979060224.000
[2,  2000] loss: 210392437790978289644339200.000
[2,  3000] loss: 211876226688543441771560960.000
[2,  4000] loss: 212220381023956345013927936.000
[2,  5000] loss: 210802409524138533225234432.000
[2,  6000] loss: 208111080182802970782466048.000
[2,  7000] loss: 208318839949123696008888320.000
[2,  8000] loss: 208108870518235050624942080.000
[2,  9000] loss: 206224359727741964073828352.000
[2, 10000] loss: 205621942205599668231995392.000
[2, 11000] loss: 200520845856501615776759808.000
[2, 12000] loss: 192116181367949474683420672.000
[3,  1000] loss: 184078960822381434550353920.000
[3,  2000] loss: 191531060271673057640185856.000
[3,  3000] loss: 186687728964780447479365632.000
[3,  4000] loss: 186716004477667260667789312.000
[3,  5000] loss: 189587239607056009344843776.000
[3,  6000] loss: 191246856992690848638435328.000
[3,  7000] loss: 186264834753593914274349056.000
[3,  8000] loss: 189924190571342054794723328.000
[3,  9000] loss: 191830531204760782919172096.000
[3, 10000] loss: 186950952736363357080125440.000
[3, 11000] loss: 195663171900567514211418112.000
[3, 12000] loss: 198859968494835837377183744.000
